0
972
1771
2628
3575
4635
7159
10178
10392
11842
13178
12713
12990
13798
13221
12730
13814
15286
15406
16037
17412
19595
21321
21324
22180
24082
25660
25403
25040
25421
27821
28180
30151
30876
29074
31078
31446
33486
34034
35544
33738
38157
37271
39562
40723
40488
41319
46146
51679
46877
46849
52845
54154
55285
49278
51703
50553
52568
50153
50961
53753
53389
58844
55218
56522
56171
58726
60009
60250
62594
62691
62671
62662
71027
66655
71763
68249
67542
69024
72503
68618
74865
70114
76409
76570
74526
76791
79233
76911
87387
82381
81504
83467
83615
86792
84161
88978
88176
88766
88031
88940
89964
88063
90213
93518
104023
92978
93849
91705
101040
101650
99603
97757
100659
98410
109487
103258
103854
101859
105438
109649
105456
105300
108823
110251
108496
113044
112994
112959
138005
113068
112473
113749
118912
116865
123726
119493
120825
122332
124594
119350
127734
127260
122734
125019
127602
127474
128662
131031
133384
131061
131544
137486
135924
135080
135392
137945
140627
138085
142548
139317
142750
141092
144105
142982
144689
141408
144998
143812
145164
154428
152272
152925
151993
151889
161985
154092
158096
154205
162530
161625
165809
160661
160060
163196
161678
166882
173505
163361
170350
168122
169360
172732
181397
174249
178390
171875
175093
174548
173741
187966
187842
179443
184093
176948
179800
181942
183882
187093
187750
212833
187297
187605
189797
194109
193462
200511
196909
193696
197372
194362
196081
196415
203083
209667
202458
201895
205320
206430
203281
222654
205228
206509
217076
215082
225411
234709
216446
227543
222061
220283
218388
220305
218558
236509
224878
222114
214161
222207
225187
227078
225645
229797
226237
227604
226064
231451
229644
234241
239037
228093
238219
238502
239689
245536
239613
242437
236036
242073
245414
243218
242666
243484
237037
256077
247151
249269
246142
249754
253866
250580
249058
250532
253525
256906
252513
255676
252476
260175
250812
256309
254734
255322
258896
263355
264998
262051
260907
260534
265995
265740
